9173041
9168893
9161338
9159095
9154236
9141554
9131759
9129159
9128803
9127789
9126771
9125469
9124657
9123306
9117670
9115010
9107852
9104877
9102999
9102474
9093093
9086968
9082686
9054744
9054052
9048818
9045324
9023122
9006679
9001893
8993436
8992443
8991748
8991730
8990492
8990211
8987706
8985967
8976526
8973821
8972038
8969422
8968371
8964130
8955191
8954825
8952672
8952363
8952266
8951689
8951681
8951027
8950599
8949819
8948253
8945777
8940011
8935776
8934436
8928540
8927627
8924199
8922860
8921626
8921264
8920195
8915098
8907376
8902046
8900970
8897744
8895392
8893605
8891896
8890590
8888704
8872655
8869953
8869873
8869647
8867919
8859984
8858700
8855967
8853917
8849538
8833899
8832612
8831709
8831133
8830627
8829943
8824676
8824302
8820749
8820707
8814016
8807022
8800212
8794276
8789357
8786302
8785571
8784871
8782350
8779831
8776377
8774504
8769580
8762437
8758266
8756908
8754998
8753440
8750419
8748402
8748131
8733140
8731306
8731024
8729382
8729129
8725600
8723990
8719833
8717668
8715609
8715541
8714370
8714179
8711764
8711675
8711423
8710525
8706255
8703520
8694878
8687739
8685537
8685135
8684669
8680746
8676088
8674077
8673569
8671754
8665779
8665750
8665674
8663940
8662941
8661917
8655727
8654706
8654416
8654014
8652663
8650082
8646795
8646141
8645628
8645391
8643846
8640134
8638818
8636929
8634005
8633861
8632643
8629218
8625837
8624878
8622151
8618464
8613677
8610079
8609971
8607404
8606792
8605043
8597242
8594737
8594729
8593167
8592412
8592168
8589506
8588439
8586924
8586176
8583925
8583219
8582420
8581258
8580613
8580243
8579051
8578450
8572206
8559863
8559195
8555143
8555003
8554303
8553675
8550062
8548865
8542338
8535662
8522767
8515758
8515503
8501686
8501241
8500169
8497551
8487309
8481236
8480269
8470634
8469339
8464566
8452703
8450840
8447996
8447734
8446860
8443953
8443222
8442002
8438237
8437959
8432828
8430420
8430257
8422853
8422056
8421326
8416002
8404196
8400948
8397477
8396267
8395092
8392774
8389850
8389232
8387404
8385864
8385031
8381263
8378826
8373562
8369401
8369258
8367082
8366421
8361267
8354819
8353691
8343853
8341384
8336108
8329565
8329539
8328965
8328515
8326399
8321985
8319684
8317662
8313324
8312611
8312124
8311669
8311398
8310774
8309706
8309184
8308486
8306134
8304468
8301994
8295663
8292701
8291514
8287820
8287389
8283056
8281854
8275515
8271840
8269313
8264726
8259488
8256617
8254883
8252559
8252248
8251869
8248485
8247036
8245909
8242277
8241709
8239920
8239006
8237942
8237825
8235620
8235058
8234519
8233629
8231679
8229530
8227010
8215627
8211472
8211304
8210881
8210730
8210524
8207197
8205738
8204573
8204155
8200542
8200180
8197168
8195354
8194664
8191614
8188302
8180509
8178296
8177465
8176787
8174813
8172235
8171336
8169635
8168213
8149528
8143359
8134260
8129033
8128918
8122806
8121115
8115941
8103703
8101752
8100278
8098671
8090965
8085854
8084547
8081414
8081329
8078615
8078380
8076304
8076279
8076139
8074341
8069538
8064934
8064764
8059108
8054807
8052041
8050126
8048672
8046820
8046132
8045607
8045604
8044889
8043979
8042691
8042190
8039301
8029749
8024623
8024116
8018795
8018426
8016744
8016723
8014962
8013566
8012582
8009156
8008956
8006332
8000821
7997707
7995908
7994156
7992654
7991763
7983781
7983132
7983120
7978827
7978796
7972004
7970770
7970285
7969020
7967893
7967330
7963624
7961771
7958802
7956867
7955427
7950156
7946367
7938956
7938360
7935490
7934203
7928599
7921277
7913717
7913303
7906502
7894300
7892218
7889439
7887947
7882007
7871994
7858448
7856442
7855081
7853239
7850479
7849902
7846911
7846719
7844545
7844402
7842867
7840642
7839137
7835700
7829290
7823478
7819759
7818668
7816105
7807538
7805581
7803028
7795789
7794263
7792710
7792500
7790488
7789947
7789598
7789351
7788579
7788348
7775799
7774188
7774166
7773298
7772051
7771797
7769913
7768272
7767932
7765921
7762978
7757753
7755278
7751768
7748029
7743505
7741368
7737765
7737040
7732640
7731668
7723318
7720599
7718286
7717706
7717147
7712711
7697975
7693634
7693040
7691823
7681646
7680782
7668934
7668162
7665257
7664887
7656755
7651741
7650198
7643725
7642541
7633213
7628649
7628542
7627516
7624958
7605231
7600668
7593643
7591618
7591097
7590822
7582109
7580314
7563884
7561350
7556905
7547743
7544056
7541622
7532674
7515460
7511878
7511644
7511211
7509093
7506024
7502749
7501465
7484264
7483079
7476663
7473501
7473130
7472995
7472158
7472099
7469099
7456527
7454697
7445772
7428393
7425391
7423468
7423436
7415937
7404660
7402178
7399319
7398603
7396132
7393060
7384168
7375051
7372541
7363381
7350987
7349889
7344810
7340351
7325264
7324898
7324253
7318652
7313362
7310810
7303827
7302643
7301976
7295812
7294765
7294460
7291569
7287941
7276336
7269951
7269278
7264652
7257910
7250640
7249951
7249490
7239413
7228580
7225514
7225222
7222281
7205333
7205099
7199518
7183877
7176885
7167077
7163028
7156435
7155448
7143007
7138182
7131846
7129897
7112994
7110896
7100260
7092198
7085668
7084757
7081186
7078439
7077257
7077000
7076447
7076021
7076011
7075980
7075061
7067877
7058113
7057883
7046763
7045796
7045470
7034186
7025811
7019929
7019426
7012053
6990983
6988020
6970439
6960917
6947667
6946190
6916559
6910410
6899596
6894629
6884074
6880407
6873128
6856504
6852772
6851390
6827866
6804139
6799697
6792003
6780948
6780869
6777794
6776175
6775841
6769330
6761230
6758221
6754163
6729822
6728272
6704135
6678212
6655989
6653334
6645210
6594952
6584980
6580939
6578219
6578072
6570720
6565104
6555119
6536915
6525869
6523167
6511359
6506444
6504253
6497702
6484635
6477520
6472956
6460812
6449127
6419879
6414437
6393280
6369595
6360024
6359288
6355200
6353518
6331762
6322036
6318502
6317402
6255215
6244490
6238083
6236275
6234283
6218056
6212270
6195167
6192840
6188491
6156722
6127486
6125945
6103055
6096014
6063139
6042892
6033820
6014798
6000396
5991832
5962106
5940755
5940563
5936110
5920367
5919309
5909780
5886414
5816228
5792778
5785315
5758401
5743160
5727316
5719595
5711323
5709275
5705126
5684749
5666642
5659667
5659307
5636642
5635170
5619183
5586022
5574749
5551952
5514598
5511535
5504254
5493378
5462967
5462230
5456014
5451415
5445295
5430994
5422779
5422718
5398307
5388192
5375445
5372054
5340252
5333203
5325361
5313987
5311738
5288470
5286567
5283596
5279891
5261412
5261386
5256968
5254619
5253134
5247585
5241351
5237504
5234436
5202007
5196970
5143093
5139080
5128986
5127502
5126606
5104087
5077025
5076660
5076563
5071396
5063882
5061183
5060265
5057150
5050398
5006133
5004801
5003013
4994003
4990053
4983614
4968660
4964381
4963215
4935652
4927353
4921817
4911249
4898652
4895021
4892974
4892241
4890690
4883343
4881621
4875529
4874227
4862735
4850132
4846947
4846740
4838835
4818183
4816939
4807631
4802206
4746800
4742660
4733736
4717924
4695629
4684946
4678974
4660215
4651707
4644461
4551448
4545335
4488112
4476226
4466987
4462613
4441056
4427447
4421539
4414683
4402931
4396417
4391401
4391385
4367425
4356078
4355400
4353997
4345091
4342225
4337782
4330208
4305537
4298401
4295482
4290582
4289554
4268100
4262866
4259610
4238881
4237627
4231421
4227699
4218180
4205621
4199774
4183956
4175282
4156864
4154188
4152827
4147308
4146051
4144453
4140528
4140133
4135152
4129254
4099463
4088274
4069276
4044703
4036190
4020515
4014652
4014000
4012468
4012402
3986941
3980836
3941183
3925444
3923861
3916801
3890665
3874491
3868156
3865107
3820475
3796486
3791872
3766496
3753193
3749510
3734719
3728775
3724670
3721956
3719831
3716735
3711307
3701444
3697287
3674096
3673197
3668599
3660188
3549421
3548579
3514985
3508214
3501057
3497213
3425640
3408071
3402501
3390041
3380264
3362648
3360945
3350804
3346225
3343186
3330948
3327557
3326972
3322808
3320772
3311371
3289946
3281334
3251558
3247938
3238013
3225461
3217793
3206603
3176611
3112376
3068367
3016952
3001968
2981762
2921964
2918637
2909830
2883244
2821809
2803355
2802842
2798391
2782895
2779723
2776115
2758328
2696264
2674692
2668281
2664724
2663653
2654216
2643598
2626182
2606173
2562030
2538187
2527883
2517262
2516443
2493239
2491752
2482854
2477096
2476875
2475124
2469752
2465242
2447709
2440009
2415834
2407102
2349534
2345009
2343743
2336736
2320597
2309073
2303222
2294247
2290856
2259558
2230496
2210426
2198226
2193074
2178042
2171802
2121851
2098081
2050977
1977028
1950628
1946552
1942405
1942284
1932431
1927186
1892236
1870427
1863709
1850034
1848287
1839193
1823121
1742191
1728530
1716535
1681427
1675410
1673862
1666177
1663189
1654149
1650549
1648205
1639090
1638460
1636308
1631095
1630697
1621788
1618803
1617381
1614429
1606417
1593437
1588081
1585799
1584141
1579154
1576591
1575491
1561574
1560177
1556444
1545587
1544325
1538106
1530326
1529668
1526185
1522399
1494925
1492399
1491764
1490540
1473858
1458711
1452599
1447185
1442680
1423680
1402139
1390187
1387919
1376546
1376532
1371075
1368774
1368022
1359048
1338559
1332930
1323668
1321139
1287571
1276552
1226812
1218205
1197449
1196360
1193543
1172743
1172605
1128433
1125287
1111507
1099704
1092001
1067812
1060659
1041272
1034634
998664
998431
998346
994981
992303
990291
980600
964453
949009
934033
921101
884819
857253
816268
787217
758396
756845
741908
729787
701154
699449
695046
688484
677343
669460
664173
658676
653409
645380
645282
637535
633696
627112
625269
585516
566809
555839
535285
521616
510425
489240
438801
434756
406319
391395
371627
290288
276492
191962
